0.000000 1.581342
0.081633 1.358483
0.163265 1.323850
0.244898 1.352595
0.326531 1.213906
0.408163 0.825325
0.489796 0.912391
0.571429 0.696193
0.653061 0.595763
0.734694 0.543896
0.816327 0.417147
0.897959 0.452359
0.979592 0.292584
1.061224 0.144575
1.142857 0.100044
1.224490 0.020463
1.306122 0.076900
1.387755 -0.142998
1.469388 -0.130958
1.551020 -0.276817
1.632653 -0.464883
1.714286 -0.151226
1.795918 -0.125899
1.877551 -0.271110
1.959184 0.056559
2.040816 -0.278644
2.122449 -0.081111
2.204082 -0.047107
2.285714 0.191321
2.367347 0.259796
2.448980 0.210715
2.530612 0.322014
2.612245 0.290013
2.693878 0.279857
2.775510 0.545727
2.857143 0.701016
2.938776 0.914375
3.020408 1.017459
3.102041 0.963082
3.183673 1.073719
3.265306 1.097622
3.346939 1.154287
3.428571 1.213702
3.510204 1.660684
3.591837 1.488243
3.673469 1.560497
3.755102 1.534884
3.836735 1.783907
3.918367 1.580379
4.000000 1.745321
